00001,1,1,OPX000100000032,30707317902,04/05/2026,4970940.00,2.00,99418.80,001,907
00002,1,1,OPX000100000033,30508598501,04/05/2026,5418677.69,1.25,67733.47,001,907
00003,1,1,OPX000100000037,30708895780,04/05/2026,524966.69,1.25,6562.08,001,907
00004,1,1,OPX000100000037,30708895780,04/05/2026,2036017.00,1.25,25450.21,001,907
00005,1,1,OPX000100000037,30708895780,04/05/2026,1934659.94,1.25,24183.25,001,907
00006,1,1,OPX000100000037,30708895780,04/05/2026,12247773.27,1.25,153097.17,001,907
00007,1,1,OPX000100000040,30715185683,05/05/2026,3844725.64,2.50,96118.14,001,907
00008,1,1,OPX000100000041,33715474919,05/05/2026,942346.86,0.75,7067.60,001,907
00009,1,1,OPX000100000047,33521902839,05/05/2026,9363130.00,2.00,187262.60,001,907
00010,1,1,OPX000100000051,30710229240,05/05/2026,1002372.56,2.50,25059.31,001,907
00011,1,1,OPX000100000051,30710229240,05/05/2026,394408.64,2.50,9860.22,001,907
00012,1,1,OPX000100000053,30502793175,05/05/2026,287045.93,1.00,2870.46,001,907
00013,1,1,OPX000100000053,30502793175,05/05/2026,1388108.93,1.00,13881.09,001,907
00014,1,1,OPX000100000053,30502793175,05/05/2026,10539055.72,1.00,105390.56,001,907
00015,1,1,OPX000100000053,30502793175,05/05/2026,6012013.77,1.00,60120.14,001,907
00016,1,1,OPX000100000053,30502793175,05/05/2026,239358.15,1.00,2393.58,001,907
00017,1,1,OPX000100000053,30502793175,05/05/2026,284319.00,1.00,2843.19,001,907
00018,1,1,OPX000100000053,30502793175,05/05/2026,30147035.47,1.00,301470.35,001,907
00019,1,1,OPX000100000055,20394181596,05/05/2026,1913140.49,3.75,71742.77,001,907
00020,1,1,OPX000100000067,30658313335,06/05/2026,21320859.51,0.75,159906.45,001,907
00021,1,1,OPX000100000075,30527196112,06/05/2026,844545.43,2.00,16890.91,001,907
00022,1,1,OPX000100000076,30718049071,06/05/2026,2384783.50,1.50,35771.75,001,907
00023,1,1,OPX000100000077,30503510665,06/05/2026,2535403.18,1.50,38031.05,001,907
00024,1,1,OPX000100000080,30507950848,07/05/2026,16428686.68,2.00,328573.73,001,907
00025,1,1,OPX000100000091,30515658269,07/05/2026,29840807.03,1.25,373010.09,001,907
00026,1,1,OPX000100000094,30689010993,08/05/2026,2893256.10,2.50,72331.40,001,907
00027,1,1,OPX000100000098,30502793175,08/05/2026,9434723.09,1.00,94347.23,001,907
00028,1,1,OPX000100000098,30502793175,08/05/2026,4077844.45,1.00,40778.44,001,907
00029,1,1,OPX000100000099,30708895780,08/05/2026,531941.00,1.25,6649.26,001,907
00030,1,1,OPX000100000099,30708895780,08/05/2026,5122709.05,1.25,64033.86,001,907
00031,1,1,OPX000100000166,30516139451,08/05/2026,5777886.78,2.50,144447.17,001,907
00032,1,1,OPX000100000166,30516139451,08/05/2026,2147047.66,2.50,53676.19,001,907
00033,1,1,OPX000100000106,30677421548,11/05/2026,1626736.38,1.25,20334.20,001,907
00034,1,1,OPX000100000107,30708968648,11/05/2026,556739.25,1.50,8351.09,001,907
00035,1,1,OPX000100000107,30708968648,11/05/2026,1307702.41,1.50,19615.54,001,907
00036,1,1,OPX000100000116,30613755124,11/05/2026,238118.44,1.25,2976.48,001,907
00037,1,1,OPX000100000116,30613755124,11/05/2026,12710082.91,1.25,158876.04,001,907
00038,1,1,OPX000100000125,30500542620,12/05/2026,1280391.47,0.75,9602.94,001,907
00039,1,1,OPX000100000125,30500542620,12/05/2026,3792832.91,0.75,28446.25,001,907
00040,1,1,OPX000100000125,30500542620,12/05/2026,6639633.97,0.75,49797.25,001,907
00041,1,1,OPX000100000125,30500542620,12/05/2026,11361463.98,0.75,85210.98,001,907
00042,1,1,OPX000100000127,30500542620,12/05/2026,303053.68,0.75,2272.90,001,907
00043,1,1,OPX000100000127,30500542620,12/05/2026,2404187.75,0.75,18031.41,001,907
00044,1,1,OPX000100000127,30500542620,12/05/2026,108832.07,0.75,816.24,001,907
00045,1,1,OPX000100000127,30500542620,12/05/2026,108269.31,0.75,812.02,001,907
00046,1,1,OPX000100000127,30500542620,12/05/2026,217664.14,0.75,1632.48,001,907
00047,1,1,OPX000100000127,30500542620,12/05/2026,216538.62,0.75,1624.04,001,907
00048,1,1,OPX000100000127,30500542620,12/05/2026,861799.94,0.75,6463.50,001,907
00049,1,1,OPX000100000127,30500542620,12/05/2026,176082.78,0.75,1320.62,001,907
00050,1,1,OPX000100000127,30500542620,12/05/2026,1911353.02,0.75,14335.15,001,907
00051,1,1,OPX000100000127,30500542620,12/05/2026,6899162.74,0.75,51743.72,001,907
00052,1,1,OPX000100000127,30500542620,12/05/2026,359083.30,0.75,2693.12,001,907
00053,1,1,OPX000100000131,30501835354,12/05/2026,2721988.05,0.75,20414.91,001,907
00054,1,1,OPX000100000133,30717620212,12/05/2026,6301486.74,0.75,47261.15,001,907
00055,1,1,OPX000100000136,30702229592,12/05/2026,989437.62,2.00,19788.75,001,907
00056,1,1,OPX000100000137,30640382097,12/05/2026,638298.26,2.00,12765.97,001,907
00057,1,1,OPX000100000142,30710422946,13/05/2026,3427148.96,2.50,85678.72,001,907
00058,1,1,OPX000100000143,33707338119,13/05/2026,2446860.26,2.50,61171.51,001,907
00059,1,1,OPX000100000143,33707338119,13/05/2026,1400595.56,2.50,35014.89,001,907
00060,1,1,OPX000100000143,33707338119,13/05/2026,1168875.76,2.50,29221.89,001,907
00061,1,1,OPX000100000144,30515658269,13/05/2026,4499424.04,1.25,56242.80,001,907
00062,1,1,OPX000100000148,33521902839,13/05/2026,12078310.00,2.00,241566.20,001,907
00063,1,1,OPX000100000154,30708895780,14/05/2026,7501433.50,1.25,93767.92,001,907
00064,1,1,OPX000100000155,30516139451,14/05/2026,236498.86,2.50,5912.47,001,907
00065,1,1,OPX000100000155,30516139451,14/05/2026,1655657.27,2.50,41391.43,001,907
00066,1,1,OPX000100000161,30504065207,14/05/2026,28829503.69,0.75,216221.28,001,907
00067,1,1,OPX000100000161,30504065207,14/05/2026,522887.22,0.75,3921.65,001,907
00068,1,1,OPX000100000162,30708895780,14/05/2026,229086.70,1.25,2863.58,001,907
00069,1,1,OPX000100000171,30507950848,15/05/2026,392316.44,2.00,7846.33,001,907
00070,1,1,OPX000100000171,30507950848,15/05/2026,851006.29,2.00,17020.13,001,907
00071,1,1,OPX000100000171,30507950848,15/05/2026,125890.03,2.00,2517.80,001,907
00072,1,1,OPX000100000171,30507950848,15/05/2026,125890.02,2.00,2517.80,001,907
00073,1,1,OPX000100000172,30502793175,15/05/2026,25522196.07,1.00,255221.96,001,907
00074,1,1,OPX000100000176,30707249168,15/05/2026,689427.52,1.50,10341.41,001,907
00075,1,1,OPX000100000177,30504155354,15/05/2026,16573046.83,1.25,207163.09,001,907
