06 2/03/20260001000000000672     16233000,0002170781    2819512,50 2/03/2026010      56390,25  0,00 2/03/20268030707971297         00000000000000
06 2/03/20260001000000000672      2088453,2302170781    1480267,50 2/03/2026010      29605,35  0,00 2/03/20268030677421548         00000000000000
06 2/03/20260001000000000672      4078063,3602170781    3064761,00 2/03/2026010      61295,22  0,00 2/03/20268030689010993         00000000000000
06 2/03/20260001000000000672      1748689,6302170781    1188292,00 2/03/2026010      23765,84  0,00 2/03/20268030616971081         00000000000000
06 2/03/20260001000000000672      7879647,9902170781    6130555,00 2/03/2026010     122611,10  0,00 2/03/20268030708895780         00000000000000
06 2/03/20260001000000000672       703622,2802170781     357506,00 2/03/2026010       7150,12  0,00 2/03/20268030690988352         00000000000000
06 2/03/20260001000000000672     17900388,6802170781   14211797,50 2/03/2026010     284235,95  0,00 2/03/20268030501113413         00000000000000
06 2/03/20260001000000000672      2233564,4802170781   21197276,50 2/03/2026010     423945,53  0,00 2/03/20268030709957046         00000000000000
06 2/03/20260001000000000672       521320,8002170781     196420,00 2/03/2026010       3928,40  0,00 2/03/20268030712307591         00000000000000
06 2/03/20260001000000000672      5598773,0002170781    4403085,00 2/03/2026010      88061,70  0,00 2/03/20268030717620212         00000000000000
06 2/03/20260001000000000672      3049200,0002170781    2296000,00 2/03/2026010      45920,00  0,00 2/03/20268030715889109         00000000000000
06 2/03/20260001000000000672      1897562,3802170781    1673562,50 2/03/2026010      33471,25  0,00 2/03/20268030717918386         00000000000000
06 2/03/20260001000000000672     21393132,2402170781   17028526,00 2/03/2026010     340570,52  0,00 2/03/20268030663137375         00000000000000
06 3/03/20260001000000000672      1511732,5002170781    1025365,50 3/03/2026010      20507,31  0,00 3/03/20268020215861105         00000000000000
06 4/03/20260001000000000672      8977713,9802170781    7016092,00 4/03/2026010     140321,84  0,00 4/03/20268030537745742         00000000000000
06 4/03/20260001000000000672      3694829,4202170781    2755701,00 4/03/2026010      55114,02  0,00 4/03/20268030644761378         00000000000000
06 4/03/20260001000000000672     10259081,1302170781    8150441,50 4/03/2026010     163008,83  0,00 4/03/20268030663137375         00000000000000
06 4/03/20260001000000000672      4495230,9402170781    3491067,00 4/03/2026010      69821,34  0,00 4/03/20268030715796585         00000000000000
06 4/03/20260001000000000672      1137944,5002170781     716450,00 4/03/2026010      14329,00  0,00 4/03/20268033714399409         00000000000000
06 4/03/20260001000000000672      6278579,9202170781    4839368,50 4/03/2026010      96787,37  0,00 4/03/20268030707068740         00000000000000
06 4/03/20260001000000000672      1894188,0302170781    1341444,50 4/03/2026010      26828,89  0,00 4/03/20268030712299378         00000000000000
06 4/03/20260001000000000672      2485276,4402170781    1461751,50 4/03/2026010      29235,03  0,00 4/03/20268030622324292         00000000000000
06 5/03/20260001000000000672        82805,5502170781      82805,50 5/03/2026010       1656,11  0,00 5/03/20268030707068740         00000000000000
06 5/03/20260001000000000672      1891860,0902170781   16820071,50 5/03/2026010     336401,43  0,00 5/03/20268030718747577         00000000000000
06 5/03/20260001000000000672       477712,2102170781     170803,50 5/03/2026010       3416,07  0,00 5/03/20268030714690864         00000000000000
06 6/03/20260001000000000672     28669498,0502170781   22896556,00 6/03/2026010     457931,12  0,00 6/03/20268030515658269         00000000000000
06 6/03/20260001000000000672       272855,0002170781     158330,00 6/03/2026010       3166,60  0,00 6/03/20268030709811513         00000000000000
06 6/03/20260001000000000672      1102031,3702170781     878031,50 6/03/2026010      17560,63  0,00 6/03/20268030586412732         00000000000000
06 6/03/20260001000000000672       505934,8002170781     408012,00 6/03/2026010       8160,24  0,00 6/03/20268030712307591         00000000000000
06 6/03/20260001000000000672       350900,0002170781     222830,00 6/03/2026010       4456,60  0,00 6/03/20268020163639646         00000000000000
06 6/03/20260001000000000672      2792612,4202170781    2028107,00 6/03/2026010      40562,14  0,00 6/03/20268030519198386         00000000000000
06 6/03/20260001000000000672      1766663,2102170781    1542663,00 6/03/2026010      30853,26  0,00 6/03/20268030657278528         00000000000000
06 9/03/20260001000000000673      3494536,7202170781    2594175,00 9/03/2026010      51883,50  0,00 9/03/20268030515985219         00000000000000
06 9/03/20260001000000000673      5102647,6102170781    4115038,50 9/03/2026010      82300,77  0,00 9/03/20268030708895780         00000000000000
06 9/03/20260001000000000673        94262,3902170781      77903,00 9/03/2026010       1558,06  0,00 9/03/20268020215861105         00000000000000
0610/03/20260001000000000673      9754137,4102170781    7866239,0010/03/2026010     157324,78  0,0010/03/20268030663137375         00000000000000
0610/03/20260001000000000673      1652259,8402170781    1141504,5010/03/2026010      22830,09  0,0010/03/20268030714740071         00000000000000
0610/03/20260001000000000673      1917388,6502170781    1550821,5010/03/2026010      31016,43  0,0010/03/20268030677421548         00000000000000
0610/03/20260001000000000673      2190055,5102170781    1542174,0010/03/2026010      30843,48  0,0010/03/20268033707338119         00000000000000
0610/03/20260001000000000673      3179822,2702170781    2340373,0010/03/2026010      46807,46  0,0010/03/20268030711375232         00000000000000
0610/03/20260001000000000673      7590544,8502170781    5897407,0010/03/2026010     117948,14  0,0010/03/20268030710422946         00000000000000
0610/03/20260001000000000673      4899030,4202170781    3824785,5010/03/2026010      76495,71  0,0010/03/20268030569223454         00000000000000
0610/03/20260001000000000673      1985188,9202170781    4888356,0010/03/2026010      97767,12  0,0010/03/20268027056575915         00000000000000
0610/03/20260001000000000673       224092,0002170781     118030,0010/03/2026010       2360,60  0,0010/03/20268027186058297         00000000000000
0610/03/20260001000000000673      4403453,9502170781    2629210,0010/03/2026010      52584,20  0,0010/03/20268030707568166         00000000000000
0611/03/20260001000000000673       382343,2602170781     245905,0011/03/2026010       4918,10  0,0011/03/20268030622324292         00000000000000
0612/03/20260001000000000673      1460294,0102170781    1139684,5012/03/2026010      22793,69  0,0012/03/20268033542705219         00000000000000
0612/03/20260001000000000673      8782599,4802170781    7034346,5012/03/2026010     140686,93  0,0012/03/20268020283088341         00000000000000
0612/03/20260001000000000673      1273889,5502170781     985631,5012/03/2026010      19712,63  0,0012/03/20268033567958979         00000000000000
0612/03/20260001000000000673     19607520,5702170781   15812516,5012/03/2026010     316250,33  0,0012/03/20268030708895780         00000000000000
0612/03/20260001000000000673     29340476,5202170781   23661674,5012/03/2026010     473233,49  0,0012/03/20268030501113413         00000000000000
0613/03/20260001000000000673     86063583,3602170781   69406115,5013/03/2026010    1388122,31  0,0013/03/20268030501113413         00000000000000
0613/03/20260001000000000673      2239778,1002170781    1582272,5013/03/2026010      31645,45  0,0013/03/20268030527196112         00000000000000
0613/03/20260001000000000673       554686,5602170781     458418,5013/03/2026010       9168,37  0,0013/03/20268030708818956         00000000000000
0613/03/20260001000000000673       521320,8002170781     420420,0013/03/2026010       8408,40  0,0013/03/20268030712307591         00000000000000
